290 600 61 670 6 200 95 670 711 2 381 1 6 270 6 90 532 739 6 ? ?
200 61 27 95 103 87 22 10 200 39 90 532 200 200 451 83 50 430 62 532 71 4 6 678 700 ? 76 47 532 22 678 90 532 27 381 678 76 200 61 21 4 6 290 61 256 4 6 32 66f 95 61 86 61 48 430 90 11 90 70 48 76 7 39 68 ? 9 11 280 532 40 678 532 1 21 22f 11 670 99 59f 200 11 200 70 59f 71 47 11 200 25 381 6 71 61 200 6 280 1v 11 2a
600 60 3 461 60 3 600 4 61 600 4 6 1 63 14 660 660 11 381 700 1 5 6 200 6 430 600 75 600 7 6 200 6 430 600 75 8 600 7 6 200 6 430 700 600 75 600 7 200 7 200 7 5 7 74 7 208 8 226 10 95 9 11 2 200 6 53 670 200 999 226 9 200 61 208 8 256 200 61 660 660 600 4 95 59f 755 607 200 61 600 10 230 6 600 10 381 69 10 600 10 600 10 381 10 6 226 52 2 290 69 ? 522f 25 2 532 10 2a 8 8 4 69 6 ? ?
532 10 8 8 4 600 7 99 25 532 10 2a 256 77 256 200 600 290 10 25 280 40 59f 48 22f 1 5 200 69 10 4 200 69 10 208 69 10 208 69 10 226 69 10 226 69 10 74f 700 69 200 69 10 74f 381 10 9 256 2a 730 999 95 9 430 1 6 430 1 381 10 1 77 256 1 77 1 10 61 1 6 700 1 5 660 2a 48f 5 256 4 522f 8 8 4 660 2a 5 256 607 607 4 660 4f 600 4 4 256 4 600 7 10 74f 109 9 660 4 8 8 208 7 2 5 430 2a 208 6 74f 600 4 30a 30a 6 74 1 62 74 40 4 600 40 4 600
381 10 381 10 1 5 200 6 109 79 2 600 430 2 45 2 50 670 600 755 451 260 5 4 77 200 10 9 7 208 7 430 381 10 607 607 600 260 6 72 ? 1 75 1 75 1 75 44 10f 1 200 200 11 2a 44 67 1f 71 8 11 10 2a 381 10 4 59f 381 90 200 59f 200 6 3 2af 2af 4 200 6 10 200 678 4 8 75 8 256 256 5 4 8 75 8 461 10 200 25 256 25 256 670 10 60 522 999 8 600 430 6 256 48 62 48f 461 48 90 90 9 226 10 1 430 4
430 4 226 5 430 4 53 430 430 53 770 1 69 200 6 ? 69 200 6 74f 230 700 226 61 75f 17 74 50 10 430 670 200 999 270 10 7 45 1 16 208 ? 69 ? 670 6 50 6 730 6 290 9 ? 270 4 430 430 2a 200 2a 97a 69 97a 69 97a 381 999 381 999 4 226 230 62 226 200 600 200 4 6 200 63 109 430 381 6 256 87f 200 381 44 256 44 21 4 226 63 600 600 11 4 6 600 200 670 67 381 6 29 430 70 ? 678 52 739 2a 522f 721 450 53 700 53 70 70 61 200 61 11 77 700 200 522 6f 40 2 22 200 90 381 6
60 739 11 3 739 3 600 3 670 3 730 6 3 200 21 200 6 21 381 74 290 678 50 730 6 3 430 5 430 678f 50 44 3 45 44 2 45 44 5 755 62 62 260 678 62 48 44f 200 6 44 430 7 755 256 22f 22f 4 4 381 69 6 21 730 74 430 40 200 9 10 22 200 9 22 70 600 22 9 22 70 95 770 6
670 21 11 430 90 90 200 200 678 4 62 381 381 4 755 6 4 4 40 4 4 10 430 381f 22f
226 3 381 3 280 48 3 60 739 56 53 660 660 226 3 730 6 3 730 6 3 700 22 700 1 5 200 6
4 2 4 2 4 2 381 10 74 8 200 6 700 10 670 739 3 2 739 2 200 10 2 290 430 2 60 678 430 2 739 700 739 6 90 381 6 10 430 59 14 2 2 66 66 1 6 770 40 8 6 226 1 8 600 74 60 678 53 9 2
40 9 2 86 739 700 6 90 430 226 3 700 739 95 95 3 381 40 430 40 381f 40 381f 381 62f 381 600 381 62 670 62 90 381 63f 53 381 53 381 10 74 7 10 200 6 5 600 48 62 48 48 59 4 6 56 9 56 600 2 6 2 2 6 63 4 62 1 450 430 1 450 600 10 1 450 95 95 1 450 29 451 74 451 74 95 95 451 6 44 1 53 70 37 70 52 70 52 70 2 70 2 200 2 2 69 95 10 2 2 10 5 2 2 10 3 2 2 10 200 290 45 1 280 1 1 9 290 95 95 1 770 4 660 999 381 2 381 2 50 50
200 9 10 1 50 290 61 4 2 200 9 10 1 50 200 61 4 2 40 61 200 61 90 200 200 9 10 2 290 61 4 2 200 9 10 2 50 290 61 4 2 200 9 10 2 50 200 61 4 2 40 61 200 61 90 200 9 10 600 50 381 4 2 200 6 226 10 430 53 430 17 430 4 2 208 200 2 22 200 10 74f 95 1 ? 69
226 68 59f 430 59f 600 670 59f 600 208 4f 430 59f 600 26 6 430 59f 600 200 22 430 59f 600 17 22 430 200 3 40 95 59f 95 6 70 10f 200 10 260 2 59f 95 26 6 208 4f 95 17 22 430 200 63
6 74f 290 63 8 68 461 755
260 62 1 670 95 90 450 63 381 6 71 71 770 381 6 3 1 670 90 450 381 63 71 678 381 6 3 1 670 90 450 63 381 10 71 3 1f 200 63 260 63 200 678 63 260 63 200 63 700 1 260 63 200 63 53 1 260 63 270 63 55 200
63 95 200 63 21 1 200 63 79 1 755 200 999 9 200 63 600 63 66 200 600 66 600 200 600 9 66 200 63 730 63 430 63 62 6 66 270 10 230 61 1 730 6 2 607 63 730 ? ? 773 63 730 67 63 95 95 6 9 28 6 28 1 200 10 461 461 ?
22 ? 739 4 95 700 4 9 2 430 2 430 781 290 63 755 63 4 6 63 50 40 63 4 63 61 22 61 63 15f 63 66 69 63 1f 63 ? 16 63 16 63 37 63 2a 6 63 200 607 63 16 200 8 53 200 22 77 74f 381 22 77 200 27 63 256 39 4 6 200 83 226
770 600 200 83 22 711 22 711 226 600 8 66 381 2 92f 8 8 226 226 8 10 10 53 1 678 40 5 77 381 600 290 40 200 721 77 11 4 6 4 4 700 60 430 61 ? ? 200 69 56 66 5 200 69 56 8 95f 8 381 10 40 1 ? 1 381 6 8 66
280 2 280 5 70 ? 4 40 6 40 5 1 770 1 200 522 755 95 200 22 22 290 208 760 10 730 10 256 230 10 109 60 200 10 381 999 4 6 1 381 999 770 2 381 999 200 678 999 4 450 44 71 66 10 8 9 69 6 40 ? ? 8 48f 6 74f 600 200 760 607 1 ? 200 22
8 9 66 37 200 69 38 208 290 6 74f 660 83 40 700 600 44
8 739 1v 1 103 256 256 62 600 4 600 40 700f 226 76 200 1 200 9 5 381 50 600 430 76 430 76 430 76 755 63 4 6 670 700 670 21f 256 290 ? 270 66 290 53 15 2 200 755 4 6 755
700 200 999 3 200 999 27 61 200 61 700 8 607 200 6 6 74f 200 6 141 200 200 208 200 62 92 22 256 600 600 10 8 48f 66 69 600 10 8 48f 69 39 2 600 60 600 226 22 69 ?
67 44 67 44 270 678 10 40 40 430 10 40 40 381 10 76 ? 430 739 22 50 22 2 22 10 7 59f 6 74f 226 77 430 430 77 660 660 381 7 381 280 60 381 2 10 ? ? 60 67 999 678 40 40 700 522 70 461 670 21 260 40 430 47 226 76 6 74f 270 6 74 56 7 95 700 3
95 755 116 200 6 74f 50 381 3 600 10 71 2 600 77 66 95 66 381 6 74f 200 999 66 22f 66 200 79 90 53
200 79 66 3 200 230 10 66 3 22 22 3 77 50 2 21 1 3 95 66 3
66 3 6 1 6 9 3 5 3 5 3 1 59f 450 59f 450 59f 3 2 200 2 4 381 60 755 600 29 22 600 60 200 69 6 3 200 6 77 200 6 3 1 6 9 6 5 6 1 200 3 95f 32 700 69 32 200 32 90 32 739 3 739 670 256 77 2 77 430 ? ? 5 670
45 2 10 451 200 10 3 678 79 10 3 99 79 770 68 45 9 37 10 1f 522f 381 9 260 1 4 711 260 1 4 711 700 3 95 22 8 95f 260 8 6 1 6 6 1 290 69 5 6 208 16 1 8 22 16 77 1 770 77 1 53 8 22 6 74f 256 39 4 6
? 60 430 450 451 21 61 200 61 6 600 4 7 7 200 22 7 4 37 24 7 4 66 24 79 66 22f 27 24
59f 200 6 461 200 6 607 63 1 607 66 22f 4 6 200 10 4 6 22f 10 200 10 381 9 62 1 34 40 79 770 68 200 6 600 66 700 700
79 770 68 461 77 461 19 77 70 770 2 10 37 70 770 721 721 1 200 260 69 270 6 22f 2 22 600 2 22 71 22 2 59f 2 200 6 1 62 430 600 10 600 66 700
40 8 40 95f 9 7 10 256 4 6 50 4 6 461 4 6 670 4 6 9 63
381 6 260 6 27 670 17 4 6 22f 68 22f 68 10 290 6 74 4 8 48f 7 1 226 48 381 44 7 200 522 44 730 10 600 600 10 74 6 200 8 5 226 226 755 755 4 52 451 451 200 451 451 79 270 10 79 270 10 67 67 10 22f 59f 7 52 10 53 7 52 10 53 45 4 6 256 32 2
? 290 59f 9 ? 2af 30a 4 ? ? 2 50
4 6 200 62 3 600 10 3 66 200 66 44f 4f 60 6 700 280 11 3 44f 3 14 600 32 ? 600 32 2 3 430 10 3 99 678 66 6 59f
226 74f 226 11 381 11 2 34 2 34 670 10 600 6 1 600 6 270 50 9
5 47 200 6 22 200 61 381 10 70
30a 30a 3 5 200 66 4 760 66 200 200 200 600 66 4 760 4 4f 1 5 48f 1 5 10f 1 5 4f 778 778 760 607 607 4f 90 90 730 730
? 5 1 ? 1 4f 4f 90 730 730 22 22 40 2 1 36 600 8 22f 280 381 10 381 10 38 7 600 1 6 200 6 700 700 700 607 700 1 6 200 6 9 40 8 8 5
5 5 1 6 5f 2 2 2 1 6 381f 381f 381f 1 6 773 67 773 70 600 773 280
40 40 200 522 70 670 670 430 61 34 17 226 10 40 430 77 430 47 6 11 256 290 2 2 200 10 200 10 2 10 2 5 2 69 2 200 200 200 10
2 2 52 4f 381 6 2 381 2 4f 70 760 40 6 600 47 72 2 72 2 10f 70 760 40 6 600 2 2 10f 70 760 40 6 430 47 2 290
2 2 290 10f 70 760 40 6 600 47 2 2 2 290 2 10f 70 760 40 6 430 47 2 4 760 2 2 4 760 2 2 2 4 760 6
226 62 2 47 60 10 8 226 270 10 8 60 70 50 60 28 60 381 63 94a 381 67 2 40 2af 60 67 75 67 6 39
48 6 48 6 670 200 6 3 226 3 200 6 607 381 6 109 109 69 45 45 200 200 200 22f 3 56 3 200 999 3 ? 10f 67 60 200 ? 200 522f 87
? ? 1 63 1 670 3 22f 3 57 3 24 3
3 57 1 3 1f 3 1 3 2a 3 1 52 3 1 1 62 430 600 10 9 95 95 200 10 67 522 6 74 61 200 61 71 670 2 95 755 6 ? 53
9 10 430 9 10 200 39 3 670 52 94a 8 3 256 3 66 660 660 95 3 256 522 4 5 430 2 1 290 6 200 6 ? 290 4 61 24 61 6 74f 256 522f 522f
27 600 260 260 40 90 17 22 6 381 4 66 760 4 66
270 10 290 6 3 86 290 8 200
8 8 200 678 10 9 4 760 86 256 256 2a 4 3 4 3 270 678 3 99 4 2 4 2 70 95 1 95 200 10 2 10 200 10 1 2 700 69 6 74f 755 700
22f 200 62 40 200 62 7 2 44 660 77 ? 3 77 ? 2 ? 2 60 2 60 2 60 730 2 10 2 69 2 5 2 208 600 600 600 95 95 95 430 10 2
381 2 6 381 2 381 2 670 670 45
52 66 4 760 6 10
1 1 6 10 79 61 200 61 70 600 61 40 522f 760 ? ? 200 95f 1 ? 200 95f 1 700 10 200 10 3 ? 3 2 62 430 256 7
60 95 53 700 1 62 3 70 60 200 678 256 999 5 256 730 69
67 22f 22 700 2a 37 86 522f ?
522f 451 86 19 86 522f 7 2a
200 6 711 711 660 660 600 381 52 200 678 ?
? 6 381 700 208 7 7 ? 200 999 63 200 999 739 6 40 200 6 5f 522f 522
3 60 79 200 6 56 230 678 90 200 9 200 10 678 200 200 61 430 61 95 3 ? 208 9 290 6 600 10 5 ? 6
600 40 200 40 200 600 2 200 52 600 2 200 52 600 200 678 200 52 600 200 52 200 52 600
7 ? 270 61 700 200 999 7 2 700 4 6 52 200 9 52 ? 40 2 4 6 200 9 52 200 6 34 260
381 2 3 730 1 600 1 700 600 ? 1 381 2 3 730 95 2af 2af 2 1 2 381 2a ?
59f 670 3 ? 3 52 50 1 63 381 10 ? ? 600 50 700 256 700 ? 256 63 ? 7 600
200 62 95 94a 8 450 532 6 739 61 200 6 83 200 9 63 607 ? 200 55 739 200 600 52 ?
10 2a
256 1 256 52 270 61 270 61 ? ? ? ? 2 660 660 ? 2 ? ?
200 9 25 10 9 6 3 600 6 3 8 6 3 670 3 95f 95f 600 6 4 6 8 59f 6 522f ?
381 63 381 63 21 1 6 74 1 63 1 63 7 3 4 6 4 95 2 2 280 63 21 11 95f 200 ?
381 430 50 50 1 700 256 700 256 256 8 256 8 22 7 600 7 10 ?
522f 700 2 9 200 200 522 6f 77 6 700 6 226 600 62 381 15 8 40 8 69 ? ? ?
256 6 9 44 607 607 6 7 600 7 660 660 200 95f 40 9 40
22 2 34 2 1 2 34 200 6 3 70 522 61 200 6 3 70 63 22f 63 1 256 56 34 700 200 6 5 22f 68 4 6 3 5 79 10 79 10 200 75 48 ? ? 1 6 ? 270 25 6 ? 256 9 4 6 50 1 5 37
2 3 256 522f 22f 1 71 77 27 711 290 6 2 71 61 200 61 90 71 6 47 10f 200 61
2a 2a 4 3 56 7 67 10f 256 27 6 77 34 4 522f 700 600 59f 226 4 4 4 4 30a 4 55 10 256 77 730 1 2 34 2 1 2 34 39 513 40 670 2 109 1 62 200 22 10 110 600 66 21 1 600 66 53 6 1 6 1
290 69 6 74 35 70 35 600 35 71 66 71 35 10 67 35 270 6 76 200 ? 10 30a 600 2a 62 4 9 92 1 92 9 92 5 92 5 92 1 739 256 3 44 9 92 22 92 90f 92 381 6 74 755 298 2a 79 10 79 10 1 1
200 7 4 6 1 6 11 4 6 700 22 22 200 10 53 22f 10 22 22 755 99 755 1 45 4 6 522f 50 22f 55 200 9 1 755 451 451 ? 270 6 77 200 62 739 6 2a 2 68 10 77 256 55 95 226 19 57 19 45 19
200 513 256 522f 256 22f 200 24 2a 3 1 10 ? 7
200 63 4 6 670 4 6 200 6 4 6 200 4 6 226 62 4 6 451 4 6 700 721 270 6 4 6 700 600 4 600 10
2a 200 6 124 730 6 1 6 2 8 2a 200 62 98 7 59f 2 109 22f 290 290 773 5 290 98 7 4f 124 ? 124 98
7 6 124 6 124 98 7 59f 2 22 124 1 124 98 7 2 124 1 124 98 7 6 124 6 124 98 7 59f 2 76 256 ? 200 10 124 600 10 2 95 9 59f 256 200 200 11 2 76
1 66 4f 90f 5 69 10 2a 69 739 22f 22f 22f 600 72 2a 2a 200 2a 10 200 2a 116 600 116 600
? 22f 77 10 200 10 260 1 200 6 290 260 1 98 7 260 1 7 600 7 40 700 95 22 95 8 68 30 68 40 35 68 59f 68 5 59 10 67 10 67 62 67 22f 22f 607 607 1 600 10 600 10 4 6 40 48f 40 11 40 74f 40 62 40 700 9 600 62 74 773 4 90f 430 260 36
760 2 760 5 2a 3 2a 3 17 4 6 17 9 670 53 208 1 1 3
200 6 6 90 2a 22f 68 22f ?
? 34 200 4 6 34 6 4 6 34 9 4 6 34 6 4 6 22f 200 10 381 9 381 10 4 6 670 22f 200 10 200 61 9 200 ?
? 208 700 280 7 1 600 381 6 1 2 34 2 66 381 6 1 2 1 381 6 1 2 34 ?
? 226 61 430 76 200 6 74f 200 6 74f 79 79 200 62 52 600 44 670 ? 678 52 600 ?
? 4 6 226 700 6 3 3 1 3 280 700 6 200 2a 226 208 70 68 10 68 256 52 68 200 4 6 ?
? 226 61 1 61 10 600 61 755 770 15 ? 70 770 ? 61 103 15 ? 381 4 61 226 10 ?
? 1 200 62 6 1 66 62 62 6 66 226 3 4 600 40 3 ?
1 200 9 755 50 10 5 37 1 208 69 999 700 280 1 7 260 1 280 25 66 1 256 3 77 3 200 6 3 56 4 280 200 48 256 755 3 739 6 3 200 6 3 1 5 9 6 74f 256 4 6 ? 5 256 9 256 256 9 59 200 6 74f 79 700 66 1 5 52 600 66 4 66 430
66 4 74 6 4 66 22f 256 21 1 63 70 200 62 381 62 381 62 2 70 200 62 200 62 50 50 2 10 430 66 1 10 430 66 1 10 430 76 256 430 430 2 10 430 99 721 22 1 62 256 256 99 9 79 6 74f 200 6 79 30 1 79 200 6 200 52 200 52 77 200 678 66 200 6 600 10 670 700 670 2a 56 3 200 6 260 1 62 1 3 70 60 226 5 256 711
60 678 60 678 781 7 7 4 4 200 6 670 95 66 3 200 4 22f 200 999 62 6 1 62 6 1 62 6 1 2a 6 200 62 3 4 600 600 4 40 61 3 50 3 95 6 95 6 3 27 3 86 3 60 3 95 3 256 999 95 3 3 200 10 75 450 10 8 381 3 600 3 430 381 75 450 52 8 381 3 600 6 3 381 6 381 4 3 99 7 600 10 755 62 6 74f 755 62 260 1 260 9 5 1 755 62 59 6f 3 59f 8 59f 3 30 48 75 71 10 2a 62f 63f 2a 44f 2a
200 6 109 4 6 109 37 5 37 52 9 43;8 600 21 40 40 600 600 600 700 2af 256 50 700 600 6 1 6 1 6 109 50 755 1 63 21 1 6 66 6 721 66 26 700 6 200 70 57 40 600 200 70 600 200 15 51 10 48 700 9 670 8 200 6 3 69 66 30 60 52 74 60 55 430 69 60 1 60 69 4 ? 200 200 200 52 200 8 200 1 4 6 44 4 48f 4 44 4 6 200 62 280 200 8
200 1 670 208 4 6 200 5 2a 5 2a 40 226 9 226 9 451 451 451 451 2a 200 10 200 10 4 3 4 3 66 66 66 3 66 95 66 3 66 48f 66 1 66 22 22 66 9 66 6 8 94a 15 22f 8 381 6 110 15 22f 8 61 27 15 22f 8 61 21 1 15 22f 8 61 200 15 22f 8 451 15 22f 8 5 15 22f 8 6;15 22f 8 4 6 15 22f 8 208 15 22f 67 15 34 200 44 90 60 36 200 4 4 7 2a 60 95 70 200 522 451
8 1 45 8 739 4 200 6 10 430 200 270 6 1 381 62 90f 381 62 24 381 200 230 27 3 226 76 700 381 6f 270 67 670 10 6 87 430 6 200 6 2 200 63 27 90 39 74 270 6 200 2a 451 290 2a 40 50 6 200 6 6 200 6 1 260 6 76 200 200 90 226 6 200 6 773 430 6 103 200 6 711 700 660 200 522 9 200 522 63 45f 532 40 522 69 200 62 83 532 71 600 69 4f 8 10 200 739 200 5 381 10f
200 6 3 28 27 95 200 62 45 52 22f 256 63 5 99 11 7 4 600 522 600 6 600 600 63 600 1 1 95 3 600 9 600 22f 2a 59f 2a 660 2a 660 660 5 10 5 52 22 256 63 1 4 10 381 22f 256 600 ? ? 77 200 6 90 16 70 607 21 95 607 109 522 430 2a 10 7 256 74f 430 10 50 10 9 21 760 50 2a 760 52 50 5 10 4 6 3 9 5 6 7 95 2
50 10 8 600 290 1 95 3 11 430 10 711 200 5 9 4 2a 600 660 999 600 6 600 63 256 208 600 7 600 6 1 10 1 6 7 34 6 670 200 74 522 1 40 10 270 62 381 61 230 62 8 739 70 1 66 24 256 256 62 600 6 4 600 40 226 48f 430 381 4 270 532 290 9 50 24 76 270 6 76 270 6 60 678 10 6 270 678 700 270 678 102 256 200 10 2a ?
? 2a 755 47 200 10 270 62 21 2a 6 6 200 6 1 600 10 755 6 770 60 70 61 1 61 381 6 200 6 90 90 381 66 1 208 9 200 22 10 1 200 40 1 99 10 1 50 1 10 22 48 2a 1 461 86 522 ?
781 600 32 53 4 600 290 7 600 32 67 600 600 600 4 430 200 700f 4 700f 600 10 260 600 6 10 260 600 21 600 1 600 ? 47 67 700f 700f 2a 700f 2a 700f 1 700f 700 700f 2a 700f 600 62 ?
? 79 256 10 1 1 10 200 678 270 270 8 280 280 1 69 2a 67 6 67 22 200 67 14 10 200 10 1 40 700 3 600 200 6 773 9 9 95 9 67f 451 6 109
200 600 7 ? 34 1 90 5 5 10 59f 5 10 200 200 700 90 200 79 450 200 79 40 2 755 9 61 9 61 739 6 3 739 6 3 700 660
381 62 48f 700 660 7 600 226 200 9 208 8 200 61 200 10 99 9 200 61 66 9 208 2a 2a 4 21 2af 280 21 27 600 208 600 48 21 48 739 2a 53 260 40 260 40 430 47 200 69 10
200 69 10 4 208 69 70 7 21 95f 381 45 522 60 200 61 60 40 3 25 200 9 2 670 678 430 10 1 30 30 2 10 430 30 44 48 8 200 6 430 600 27 700 11 79 208 34 21 21 381 2a 381 10 200 10 1 381
607 6 79 57 34 600 290 600 45f 256 6 208 34 6 200 6 99 430 6f 600 6 34 200 62 66 226 62 44 69 55 381 62 430 21 95 87 62 200 700 61 739 40 7 7 256 200 61 4 6 4 6 208 8 50 450 52 256 69 45f 27 290 8 50 450 60 200 730 6 208 ?
? 67 10 67 10 45 8 10 430 230 6 10 430 461 280 10 430 381 ? ? 10 430 67 10 430 200 10 8 430 52 2 10 10 450 10 59f 9 461 8 700 69 256 48 62
2a 52 10 670 4 6 4 6 10 6 10 430 53 381 53 381 53 16 260 60 450 208 30 290 256 45 700 5 4 6 730 999 52 200 6 381 62 256 62 2a 95 9 77 200 69 55 45 280 600 6 711 280 600 6 711 280 600 10 9 ? ? 48 ? ? 99 48 45 270 999 45 50 200 2a 6 3 59f 2a 3 200 6 3 226 59f 200 6 6 3 260 50 260 256 711
226 95f 1 290 256 450 450 600 ? ? 74 208 270 532 280 3 256 10 1 256 48 270 95 2a 1 256 4 381 74 10 430 280 79 1 600 2a 10 256 10 79 1 600 ? ? 2a 10 256 21 1 4 4 79 1 600 381 2a 10 ? ? 450 280 450 10 2a 226 67 700f 700f 56 1 56 226 739 6 74 256 600 6 290 48 6
95 9 27 6 56 27 6 230 230 2a ? 230 450 ? 230 381 30 10 230 10 66 61 6 50 6 1 381 999 62 1 34 230 10 290 6 256 61 200 95 600 61 290 61 200 95 607 607 22 200 60 230 10 ? ? ? ? 5 11 10 70 670 11 10 730 1 730 1 40 98 11 10 22f 22f 11 10 256 76 17 19 1 10 208 77 381 77 600 61 11 10 48 17 11 10 230
226 711 34 45 7 1 600 200 10 69 56 200 10 69 56 730 69 56 200 200 6 11 66 69 10 2a 69 8 22f 22f 22f 600 72 2a 2a 200 10 200 116 600 116 600 200 44
? ? ? ? ? 2 200 6 3 60 280 200 61 2a 2a 48 48f 200 200 200 200 2 200 999
1
40 40 40 600 600 69 600 4
200 6 1 778 778 2 778 256 3 7 200 6 75 4 200 10 2a 8 8 4 4 40 200 678 70 600 ?
? 40 760 600 95 9
? ? ? ? ? ? ? ? ? 2 1 1 5 9 ? 9 3 200 6 37 5 200 6 37 5 1 ?
? ? ? ? ? ? ? ? ? ? 200 6 7
62 256 600 62 1 40 66 1 200 2a 6 22 ?
? ? 600 600 600 1 10 7 700 3 95f 40 40 62 522f 208 55 7 200 6 522f 99 4 6 700 1 40 5 660 660 50 ?
? ? ? 660 660 770 226 5 660 660 280 1 77 660 660 256 660 660 2 660 660 2 660 660 2a 10 7 200 6
? 60 280 3 700f 700f 700f 700f 256 1 ? ? ? ? 99 660 200 10 3 4 3 256 75 7 10 600 75 721 19 ? 3 2a ?
? 48 48 48 48 600 10 200 600 10 200 10 87 200 522f 600 600 10 2 256 77 3 66 3 47 ? ? 200 1 70 74f 1 700 7 5 2 700 ?
1 600 90 90 74 1 3 4 3 200 ? ? 1 95f 95f 1 62 256 62 3 200 1 200 22 1 22 600 4 600 4 700 200 69 109 1 1f 4 4 5 66 7 67 10f 280 ?
? 50 45 9 600 45 ? 5 24 1 200 70 1f 1 116 3 2 10 700 10 200 10 1 256 45 8 256 2
45 8 600 6 74f 4 770 4
2 660 660 760 660 660 75 760 75 760 280 600 6 75
5 730 200 61 4 6 4 6 ?
?
? 739 22f 62 1 53 15 63 3 45 110 2 60 1v 280 200 6 3 4 6
256 2 69 290 62 79 62 1 430 607 45 9 95 95 200 10 67 2 79 79 200 61 200
600 700 678 2af 56 3 208 260 1 260 1 10 1 260 200 6 226 5 260 1 200 6 1 256 69
67 22f 45 522f 45 22f 45 256 1 86 280 1 1 1 260 1 200 6 200 6 260 1 430 522f 200 9 17 70 17 1
? ? 10 59f 35 59f 55 35 200 678 10 55 59f 35 ?
200 63 200 522f 57 57 53 200 513 55 9 55 739 68 607 68 607 68 256 ? 7 ? 200 ? 280 2 4
? 44 607
200 6 3 522f 3 22f 3 6 74f 3 145 3 102 53 5 4 6 27 15 97a 110
? 3 ? ? 3 ? 3 102 3 141 290 6 2 290 62 1 63 1 600 77 77 522f 22f 59f 430 200 6 600 ? ?
? ? ? 461 660 ? 102 660 50 10 53 102 99 660 ? ? 381 ? 52 200 10 53 600 52 200 10 53 45 9 37 10 1 739 522f 2 660 21 69 3 47 2
1 9 755 50 256 256 45 29 381
? 200 6 28 670 28 6 28 6 200 61 ? 59f 19 19 61 52 200 ? 600 ? 95f 200 2 6 ?
? ? 4 6 11 6 ? 5 1 5 ? 6 70 200 4 6 ? ?
1 25 8 4 760 2 8 4 70 8 4 660 8 4 2 8 4 660 8 4 660 8 4 660 8 4 7 8 4 7 8 4 7 8 4
? ? 6 2 6 2 6 ?
? 200 6 45 7 600 600 22f 607 30a 607 1 60 711 600 6 66 607 75 1 6 4 600 ? 770 70 4 6 1 670 1 670 200 6 200 6 700 10 700 10 700 10 700 61 53 40 59f
770 55 226 208 55 730 55 600 61 226
69 ? 69 25 76 430 69 430 69 2 8 27 25 200 200 10 10f 200 10 19 270 1v 92 76 10f 381 90 200 6 52 280 522 200 90 52 280 522 10 700 53 700 700 10 7 10 700 700 10 200 22 700 2 1 ? 22 700 2 1 86 22 700 2 1 461 86 522f 22f 22 700 2 1 450 86 200 513 7 10 1 11 1 99 1 ?
? 200 200 10f 55 4f 48f 69 200 4f 67 45 9 ? ? ? 102 70 4 6 532 ? 700 6 200 6 260 8 27 700 260 8 6 700 200 ? 260 8 200 7 40 22 999 660 660 74 208 280 11 74 200 6 74 70 ? 270 6 70 200 5 200 678 70 ? 70 60 70 200 5 600 62 4 32
? ? 270 61 32 22f 36 700 5 69 721 700 22f 4 7 200 63 3 57 200 10 ? 24 200 10 ? 116 ? 770 90 103 40 226 ? 70 ? 700 1 6 40 200 ? 99 66 7 600 7 10 600 24 66 26 66 7 600 7 10 200 62 66 200 513 27 430 ? 200 513 27 ?
? 95 60 678 40 200 32 32 600 10 69 5 607 1 48f 30 ? 90f 21f 90f 70 ? 90f 700 600 600 607 1 48f 3 1 2 ? 40 200 61 200 32 37 ? 90f 90f 90f 70 256 53f 200 513 30a 4 256 290 450 30a 61 47 61 2 50 2 50 1 290 1 24
381 600 6 75 10 7 600 600 36 5 607 739 607 90 6 200 6 90 50 90 70 90 76 70 92 70 40 381 32 260 36 70 2 74f 32 226 600 10 9 2 600 ? 4 6 256 74 600 256 ?
